4294967294,81
4294967294,184
102,5
102,4
102,3
102,2
102,1
102,0
4294967294,473
101,5
101,4
101,3
101,2
101,1
101,0
100,6
100,5
100,4
100,3
100,2
100,1
100,0
99,5
99,4
99,3
99,2
99,1
99,0
98,5
98,4
98,3
98,2
98,1
98,0
4294967294,1151
4294967294,472
97,7
97,6
97,5
97,4
96,5
97,3
97,2
97,1
97,0
96,4
96,3
96,2
96,1
96,0
4294967294,1149
95,5
95,4
95,3
95,2
95,1
95,0
94,6
94,5
94,4
94,3
94,2
94,1
94,0
93,5
93,4
93,3
93,2
93,1
93,0
92,5
92,4
92,3
92,2
92,1
92,0
91,5
91,4
91,3
91,2
91,1
91,0
90,7
90,6
90,5
90,4
90,3
90,2
90,1
90,0
89,5
89,4
89,3
89,2
89,1
89,0
88,6
88,5
88,4
88,3
88,2
88,1
88,0
4294967279,241
4294967279,211
87,7
87,6
87,5
87,4
87,3
87,2
87,1
87,0
86,6
86,5
86,4
86,3
86,2
86,1
86,0
4294967279,319
85,6
85,5
85,4
85,3
85,2
85,1
85,0
84,5
84,4
84,3
84,2
84,1
84,0
4294967278,154
83,5
83,4
83,3
83,2
83,1
83,0
4294967279,298
4294967294,1148
82,5
82,4
82,3
82,2
82,1
82,0
81,4
81,3
81,2
81,1
81,0
80,4
80,3
80,2
80,1
80,0
4294967278,383
4294967278,382
79,4
79,3
79,2
79,1
79,0
78,4
78,3
78,2
78,1
78,0
77,5
77,4
77,3
77,2
77,1
77,0
76,4
76,3
76,2
76,1
76,0
75,4
75,3
75,2
75,1
75,0
74,4
74,3
74,2
74,1
74,0
4294967294,438
73,5
73,4
73,3
73,2
73,1
73,0
4294967294,897
4294967294,468
4294967294,827
72,4
72,3
72,2
72,1
72,0
4294967294,909
71,6
71,5
71,4
71,3
71,2
71,1
71,0
70,5
70,4
70,3
70,2
70,1
70,0
69,4
69,3
69,2
69,1
69,0
68,7
68,6
68,5
68,4
68,3
68,2
68,1
68,0
4294967278,381
4294967279,272
4294967279,575
4294967279,574
67,5
67,4
67,3
67,2
67,1
67,0
4294967279,573
4294967278,380
4294967279,572
66,7
66,6
66,5
66,4
66,3
66,2
66,1
66,0
65,5
65,4
65,3
65,2
65,1
65,0
4294967278,379
64,7
64,6
4294967279,571
64,5
64,4
64,3
64,2
64,1
64,0
4294967279,570
4294967278,378
4294967279,569
4294967278,377
4294967279,568
63,5
63,4
63,3
63,2
63,1
63,0
4294967278,376
4294967279,567
4294967279,556
62,6
4294967278,375
62,5
62,4
62,3
62,2
62,1
62,0
61,4
61,3
61,2
61,1
61,0
60,4
60,3
60,2
60,1
60,0
59,5
59,4
59,3
59,2
59,1
59,0
58,4
58,3
58,2
58,1
58,0
4294967278,374
57,5
57,4
57,3
57,2
57,1
57,0
56,4
56,3
56,2
56,1
56,0
55,5
55,4
55,3
55,2
55,1
55,0
54,4
54,3
54,2
54,1
54,0
4294967279,566
4294967278,373
4294967279,565
4294967279,564
4294967278,372
4294967279,563
4294967279,562
4294967279,561
4294967279,560
4294967278,371
4294967278,261
4294967279,559
4294967293,131
4294967293,130
4294967293,129
4294967293,128
4294967293,127
4294967293,126
4294967293,125
4294967293,124
4294967293,123
4294967293,122
4294967293,121
4294967293,120
4294967293,119
4294967293,118
4294967293,117
4294967293,116
4294967293,115
4294967293,114
4294967293,113
4294967293,112
4294967293,111
4294967293,110
4294967293,109
4294967293,108
4294967293,107
4294967293,106
4294967293,105
4294967293,104
4294967293,103
4294967293,102
4294967293,101
4294967293,100
4294967293,99
4294967293,98
4294967293,97
4294967293,96
4294967293,95
4294967293,94
4294967293,93
4294967293,92
4294967293,91
4294967293,90
4294967293,89
